5	0.3733	0.3120
10	0.4052	0.3610
15	0.4437	0.3973
20	0.4685	0.4190
25	0.4862	0.4324
30	0.5043	0.4520
35	0.5296	0.4700
40	0.5511	0.4890
45	0.5659	0.5004
50	0.5801	0.5122

1C9P3Q5itOKh5vlePhCAIw 0	0.1506 0.0000 | 0.2020 0.1000 | 0.2053 0.2667 | 0.2576 0.3500 | 0.2051 0.2800 | 0.2605 0.2667 | 0.2947 0.2571 | 0.3709 0.3500 | 0.3886 0.3111 | 0.4306 0.3800 | 
1C9P3Q5itOKh5vlePhCAIw 1	0.5526 0.2000 | 0.2480 0.3000 | 0.3477 0.4000 | 0.3339 0.3000 | 0.3090 0.3600 | 0.2679 0.2333 | 0.3235 0.2571 | 0.3431 0.3500 | 0.4334 0.3778 | 0.4316 0.3600 | 
1C9P3Q5itOKh5vlePhCAIw 2	0.0486 0.0000 | 0.2270 0.3000 | 0.3468 0.2667 | 0.3488 0.2000 | 0.3864 0.2800 | 0.3864 0.3000 | 0.3788 0.3429 | 0.4290 0.4250 | 0.4327 0.3556 | 0.4366 0.4000 | 
1C9P3Q5itOKh5vlePhCAIw 3	0.5536 0.4000 | 0.2363 0.1000 | 0.3845 0.3333 | 0.2738 0.2500 | 0.3194 0.2800 | 0.3962 0.3667 | 0.3755 0.3714 | 0.4203 0.3500 | 0.3781 0.3333 | 0.4654 0.3800 | 
1C9P3Q5itOKh5vlePhCAIw 4	0.1773 0.2000 | 0.2424 0.2000 | 0.2868 0.2000 | 0.3671 0.2500 | 0.3709 0.3200 | 0.4166 0.3333 | 0.4641 0.3143 | 0.4283 0.3500 | 0.4319 0.3111 | 0.4056 0.3800 | 
1C9P3Q5itOKh5vlePhCAIw 5	0.1541 0.2000 | 0.1759 0.1000 | 0.3523 0.3333 | 0.3292 0.3500 | 0.4154 0.3600 | 0.4055 0.3333 | 0.4002 0.3714 | 0.4305 0.4250 | 0.4167 0.3556 | 0.3979 0.3600 | 
1C9P3Q5itOKh5vlePhCAIw 6	0.1562 0.0000 | 0.2989 0.3000 | 0.3267 0.2667 | 0.3734 0.2500 | 0.2805 0.2400 | 0.3684 0.2667 | 0.2885 0.2000 | 0.3593 0.3250 | 0.4203 0.3556 | 0.5082 0.3800 | 
1C9P3Q5itOKh5vlePhCAIw 7	0.1201 0.2000 | 0.1972 0.2000 | 0.2749 0.2667 | 0.3173 0.2000 | 0.2952 0.2000 | 0.2245 0.2000 | 0.2578 0.2000 | 0.2465 0.2500 | 0.2738 0.2444 | 0.3745 0.3200 | 
1C9P3Q5itOKh5vlePhCAIw 8	0.5510 0.6000 | 0.5881 0.6000 | 0.4245 0.4667 | 0.4515 0.4500 | 0.4449 0.4000 | 0.4622 0.3667 | 0.4963 0.4286 | 0.4854 0.3750 | 0.4629 0.4222 | 0.5672 0.4400 | 
1C9P3Q5itOKh5vlePhCAIw 9	0.5667 0.2000 | 0.3560 0.3000 | 0.2058 0.2000 | 0.2050 0.2000 | 0.1737 0.1600 | 0.2789 0.2667 | 0.3430 0.2857 | 0.3441 0.2750 | 0.3999 0.3333 | 0.3809 0.3400 | 
X-V5_nAe0ZM9OzxhDlJ-9Q 0	0.9667 0.8000 | 0.9909 0.9000 | 0.9643 0.8667 | 0.9550 0.9000 | 0.9430 0.8800 | 0.9496 0.9000 | 0.9576 0.9143 | 0.9574 0.9250 | 0.9519 0.9333 | 0.9602 0.9200 | 
X-V5_nAe0ZM9OzxhDlJ-9Q 1	0.8211 0.8000 | 0.9319 0.8000 | 0.9515 0.8667 | 0.8777 0.8500 | 0.9056 0.8800 | 0.9244 0.9000 | 0.9299 0.9143 | 0.9734 0.9250 | 0.9799 0.9333 | 0.9852 0.9400 | 
X-V5_nAe0ZM9OzxhDlJ-9Q 2	0.8767 0.8000 | 0.8813 0.9000 | 0.8870 0.9333 | 0.9361 0.9500 | 0.9913 0.9200 | 0.9411 0.9000 | 0.9547 0.8857 | 0.9608 0.9250 | 0.9482 0.9333 | 0.9712 0.9400 | 
X-V5_nAe0ZM9OzxhDlJ-9Q 3	0.7100 0.8000 | 0.8654 0.9000 | 0.8849 0.8000 | 0.9342 0.8500 | 0.9342 0.8800 | 0.9494 0.9000 | 0.9819 0.9429 | 0.9636 0.9250 | 0.9395 0.9111 | 0.9280 0.9200 | 
X-V5_nAe0ZM9OzxhDlJ-9Q 4	0.9029 0.8000 | 0.9327 0.8000 | 0.8565 0.8000 | 0.8776 0.8500 | 0.9737 0.8800 | 0.9461 0.9000 | 0.9550 0.9143 | 0.9538 0.9000 | 0.9609 0.9111 | 0.9612 0.9400 | 
X-V5_nAe0ZM9OzxhDlJ-9Q 5	0.7708 0.6000 | 0.9536 0.8000 | 0.9033 0.8000 | 0.9149 0.8500 | 0.9763 0.8800 | 0.9810 0.9000 | 0.9821 0.9143 | 0.9865 0.9250 | 0.9423 0.9111 | 0.9519 0.9200 | 
X-V5_nAe0ZM9OzxhDlJ-9Q 6	0.7100 0.8000 | 0.8619 0.9000 | 0.9059 0.8667 | 0.9358 0.9000 | 0.9501 0.9200 | 0.9904 0.9333 | 0.9864 0.9429 | 0.9876 0.9500 | 0.9916 0.9556 | 0.9836 0.9200 | 
X-V5_nAe0ZM9OzxhDlJ-9Q 7	0.9250 0.8000 | 0.9263 0.9000 | 0.9866 0.9333 | 0.9764 0.9000 | 0.9813 0.9200 | 0.9851 0.9333 | 0.9886 0.9429 | 0.9551 0.9250 | 0.9444 0.9333 | 0.9513 0.9400 | 
X-V5_nAe0ZM9OzxhDlJ-9Q 8	0.9250 0.8000 | 0.9698 0.9000 | 0.9504 0.8667 | 0.8659 0.9000 | 0.9027 0.9200 | 0.9478 0.8667 | 0.9353 0.9143 | 0.9365 0.9250 | 0.9368 0.9333 | 0.9512 0.9400 | 
X-V5_nAe0ZM9OzxhDlJ-9Q 9	0.8167 0.6000 | 0.8485 0.8000 | 0.9247 0.8667 | 0.9166 0.8500 | 0.9375 0.8400 | 0.9513 0.8667 | 0.9509 0.8857 | 0.9873 0.9250 | 0.9790 0.9111 | 0.9813 0.9200 | 
ypQk69T7hH1ywDM_39NJnA 0	0.0076 0.0000 | 0.0244 0.0000 | 0.3565 0.2667 | 0.2900 0.2000 | 0.3057 0.1600 | 0.3043 0.1667 | 0.3619 0.2286 | 0.3789 0.3000 | 0.3768 0.2000 | 0.3283 0.2400 | 
ypQk69T7hH1ywDM_39NJnA 1	1.0000 0.2000 | 0.3389 0.1000 | 0.2569 0.0667 | 0.1359 0.1000 | 0.2844 0.2400 | 0.2566 0.2000 | 0.2721 0.2857 | 0.3144 0.2750 | 0.2740 0.2889 | 0.2958 0.2800 | 
ypQk69T7hH1ywDM_39NJnA 2	0.0075 0.0000 | 0.0118 0.0000 | 0.0189 0.0000 | 0.0698 0.0500 | 0.0714 0.0800 | 0.2479 0.1667 | 0.2536 0.2000 | 0.3658 0.2500 | 0.4638 0.3111 | 0.4627 0.3600 | 
ypQk69T7hH1ywDM_39NJnA 3	0.2535 0.2000 | 0.2517 0.2000 | 0.1990 0.2667 | 0.2510 0.3000 | 0.3757 0.3600 | 0.3310 0.3333 | 0.3877 0.3429 | 0.4372 0.3250 | 0.4224 0.2889 | 0.4552 0.3000 | 
ypQk69T7hH1ywDM_39NJnA 4	0.0026 0.0000 | 0.0188 0.0000 | 0.0452 0.0000 | 0.1392 0.1000 | 0.3172 0.2000 | 0.2172 0.1667 | 0.2134 0.1714 | 0.1918 0.2000 | 0.3134 0.2222 | 0.2786 0.1800 | 
ypQk69T7hH1ywDM_39NJnA 5	0.2000 0.2000 | 0.2649 0.1000 | 0.3181 0.2000 | 0.2338 0.1500 | 0.1936 0.1200 | 0.1502 0.1000 | 0.1420 0.1143 | 0.3040 0.2500 | 0.3406 0.2000 | 0.1194 0.1000 | 
ypQk69T7hH1ywDM_39NJnA 6	0.0323 0.0000 | 0.2212 0.1000 | 0.0248 0.0000 | 0.3842 0.2500 | 0.3222 0.2000 | 0.2851 0.2000 | 0.4802 0.2857 | 0.4867 0.3000 | 0.4241 0.3111 | 0.5317 0.2800 | 
ypQk69T7hH1ywDM_39NJnA 7	0.0105 0.0000 | 0.0376 0.1000 | 0.0429 0.0667 | 0.0857 0.1000 | 0.1538 0.2000 | 0.1342 0.1333 | 0.1749 0.2000 | 0.3053 0.2000 | 0.1946 0.1556 | 0.1849 0.1800 | 
ypQk69T7hH1ywDM_39NJnA 8	0.0065 0.0000 | 0.0154 0.0000 | 0.0247 0.0000 | 0.2380 0.1000 | 0.2673 0.1200 | 0.2740 0.2667 | 0.2860 0.2857 | 0.2983 0.3000 | 0.2879 0.2444 | 0.3101 0.2800 | 
ypQk69T7hH1ywDM_39NJnA 9	0.0203 0.0000 | 0.0961 0.1000 | 0.2052 0.2000 | 0.3419 0.2000 | 0.1763 0.1600 | 0.2428 0.1333 | 0.4299 0.0857 | 0.4876 0.1250 | 0.4278 0.1556 | 0.3354 0.2000 | 
_1ucLPMTGWAouSCQuLRyig 0	0.1823 0.2000 | 0.4549 0.4000 | 0.4690 0.3333 | 0.4335 0.3500 | 0.3471 0.3200 | 0.3734 0.3000 | 0.4338 0.3429 | 0.4528 0.4000 | 0.4361 0.3778 | 0.4570 0.3200 | 
_1ucLPMTGWAouSCQuLRyig 1	0.1594 0.2000 | 0.3214 0.3000 | 0.2603 0.2000 | 0.5060 0.4000 | 0.4486 0.4000 | 0.4556 0.4333 | 0.4143 0.4571 | 0.4769 0.4500 | 0.5230 0.4667 | 0.5572 0.4400 | 
_1ucLPMTGWAouSCQuLRyig 2	0.1310 0.2000 | 0.1715 0.1000 | 0.1702 0.1333 | 0.2334 0.1000 | 0.1927 0.2000 | 0.2374 0.2000 | 0.2456 0.2857 | 0.3000 0.3000 | 0.4417 0.3556 | 0.4287 0.3600 | 
_1ucLPMTGWAouSCQuLRyig 3	0.2994 0.4000 | 0.2664 0.2000 | 0.3145 0.2000 | 0.2560 0.3000 | 0.3764 0.3200 | 0.2949 0.2333 | 0.4009 0.3714 | 0.4001 0.3750 | 0.4535 0.4222 | 0.4848 0.4400 | 
_1ucLPMTGWAouSCQuLRyig 4	0.1571 0.2000 | 0.3006 0.2000 | 0.3182 0.2667 | 0.3519 0.3000 | 0.3529 0.3600 | 0.3565 0.3333 | 0.3724 0.3714 | 0.4338 0.3750 | 0.4302 0.4000 | 0.5230 0.4600 | 
_1ucLPMTGWAouSCQuLRyig 5	0.3970 0.2000 | 0.3488 0.3000 | 0.6432 0.4667 | 0.5234 0.4500 | 0.5240 0.4400 | 0.5548 0.4333 | 0.4790 0.3429 | 0.4931 0.4500 | 0.4875 0.4444 | 0.4979 0.4600 | 
_1ucLPMTGWAouSCQuLRyig 6	0.0586 0.0000 | 0.2935 0.3000 | 0.3834 0.4000 | 0.3740 0.4000 | 0.4816 0.4400 | 0.4498 0.4333 | 0.4317 0.4000 | 0.4590 0.4250 | 0.5345 0.4444 | 0.5418 0.4800 | 
_1ucLPMTGWAouSCQuLRyig 7	0.0149 0.0000 | 0.0874 0.1000 | 0.2248 0.1333 | 0.2289 0.2000 | 0.2969 0.2400 | 0.2320 0.3000 | 0.4002 0.3143 | 0.3766 0.3750 | 0.4191 0.3778 | 0.3728 0.3600 | 
_1ucLPMTGWAouSCQuLRyig 8	0.2394 0.4000 | 0.2838 0.3000 | 0.2913 0.3333 | 0.3799 0.3000 | 0.3232 0.2800 | 0.4226 0.3667 | 0.4389 0.4286 | 0.5234 0.4000 | 0.5368 0.4222 | 0.5194 0.4400 | 
_1ucLPMTGWAouSCQuLRyig 9	0.2624 0.4000 | 0.4507 0.4000 | 0.3656 0.2667 | 0.4132 0.4000 | 0.3519 0.2800 | 0.3260 0.3667 | 0.3506 0.3429 | 0.4053 0.4000 | 0.4937 0.4444 | 0.5731 0.4800 | 
126e-FKfjsYqnhJTNCgmzw 0	0.9667 0.8000 | 0.9809 0.9000 | 1.0000 1.0000 | 0.9041 0.8000 | 0.9422 0.8400 | 0.9542 0.8667 | 0.9945 0.9429 | 0.9969 0.9750 | 0.9942 0.9556 | 0.9886 0.9600 | 
126e-FKfjsYqnhJTNCgmzw 1	1.0000 1.0000 | 1.0000 1.0000 | 0.9958 0.9333 | 0.9976 0.9500 | 0.9969 0.9600 | 0.9958 0.9333 | 0.9969 0.9429 | 0.9988 0.9750 | 0.9985 0.9778 | 0.9988 0.9800 | 
126e-FKfjsYqnhJTNCgmzw 2	1.0000 1.0000 | 0.9809 0.9000 | 1.0000 1.0000 | 1.0000 1.0000 | 0.9867 0.8800 | 0.9989 0.9667 | 0.9949 0.9714 | 0.9975 0.9750 | 0.9967 0.9556 | 0.9914 0.9600 | 
126e-FKfjsYqnhJTNCgmzw 3	1.0000 1.0000 | 1.0000 1.0000 | 1.0000 1.0000 | 1.0000 1.0000 | 0.9957 0.9600 | 0.9970 0.9667 | 0.9977 0.9714 | 0.9983 0.9750 | 0.9986 0.9778 | 0.9989 0.9800 | 
126e-FKfjsYqnhJTNCgmzw 4	0.9429 0.8000 | 0.9833 0.9000 | 0.9922 0.9333 | 0.9887 0.9000 | 0.9957 0.9600 | 0.9957 0.9667 | 0.9967 0.9714 | 1.0000 1.0000 | 0.9971 0.9556 | 0.9979 0.9800 | 
126e-FKfjsYqnhJTNCgmzw 5	1.0000 1.0000 | 0.9909 0.9000 | 0.9958 0.9333 | 0.9951 0.9500 | 0.9952 0.9600 | 0.9967 0.9667 | 0.9975 0.9714 | 0.9976 0.9500 | 0.9956 0.9556 | 0.9920 0.9600 | 
126e-FKfjsYqnhJTNCgmzw 6	1.0000 1.0000 | 1.0000 1.0000 | 1.0000 1.0000 | 0.9951 0.9500 | 0.9969 0.9600 | 0.9989 0.9667 | 0.9949 0.9714 | 0.9988 0.9750 | 0.9985 0.9778 | 0.9962 0.9800 | 
126e-FKfjsYqnhJTNCgmzw 7	1.0000 1.0000 | 0.9452 0.8000 | 1.0000 1.0000 | 1.0000 1.0000 | 0.9970 0.9600 | 0.9970 0.9667 | 1.0000 1.0000 | 0.9940 0.9250 | 0.9971 0.9556 | 0.9962 0.9600 | 
126e-FKfjsYqnhJTNCgmzw 8	1.0000 1.0000 | 1.0000 1.0000 | 0.9958 0.9333 | 0.9930 0.9500 | 1.0000 1.0000 | 0.9989 0.9667 | 0.9992 0.9714 | 0.9988 0.9750 | 1.0000 1.0000 | 0.9992 0.9800 | 
126e-FKfjsYqnhJTNCgmzw 9	1.0000 1.0000 | 1.0000 1.0000 | 1.0000 1.0000 | 1.0000 1.0000 | 0.9952 0.9600 | 1.0000 1.0000 | 0.9992 0.9714 | 1.0000 1.0000 | 1.0000 1.0000 | 1.0000 1.0000 | 
5BOQD3vcS7mjiB9pbN_fyA 0	0.3382 0.2000 | 0.4407 0.3000 | 0.6832 0.5333 | 0.7184 0.6500 | 0.7670 0.6800 | 0.8203 0.7333 | 0.8690 0.8000 | 0.8944 0.8250 | 0.9071 0.8222 | 0.9045 0.8000 | 
5BOQD3vcS7mjiB9pbN_fyA 1	0.3374 0.2000 | 0.5875 0.4000 | 0.7450 0.6000 | 0.7331 0.6500 | 0.8151 0.6800 | 0.8417 0.7333 | 0.8731 0.7143 | 0.8792 0.7500 | 0.8958 0.7778 | 0.9081 0.8000 | 
5BOQD3vcS7mjiB9pbN_fyA 2	0.6582 0.6000 | 0.6624 0.6000 | 0.7781 0.6667 | 0.8323 0.7000 | 0.8537 0.7600 | 0.8623 0.8000 | 0.8898 0.7714 | 0.8894 0.7750 | 0.8906 0.7778 | 0.9052 0.8000 | 
5BOQD3vcS7mjiB9pbN_fyA 3	1.0000 1.0000 | 0.8963 0.8000 | 0.9232 0.8667 | 0.9055 0.8500 | 0.8403 0.7200 | 0.8423 0.7333 | 0.8648 0.7429 | 0.8782 0.7750 | 0.8845 0.7778 | 0.8904 0.7800 | 
5BOQD3vcS7mjiB9pbN_fyA 4	0.6267 0.6000 | 0.7694 0.7000 | 0.6704 0.5333 | 0.7003 0.6000 | 0.7577 0.6400 | 0.7836 0.6667 | 0.8021 0.6857 | 0.8064 0.6500 | 0.8281 0.6889 | 0.8409 0.7400 | 
5BOQD3vcS7mjiB9pbN_fyA 5	0.5712 0.4000 | 0.7786 0.7000 | 0.8167 0.7333 | 0.8424 0.7500 | 0.8484 0.8000 | 0.8632 0.7333 | 0.8672 0.7714 | 0.8811 0.7750 | 0.8913 0.8000 | 0.9111 0.8200 | 
5BOQD3vcS7mjiB9pbN_fyA 6	0.5312 0.4000 | 0.6378 0.5000 | 0.7052 0.6000 | 0.7589 0.7000 | 0.8327 0.7600 | 0.8417 0.7667 | 0.8597 0.7714 | 0.8788 0.8000 | 0.8822 0.8000 | 0.9017 0.8200 | 
5BOQD3vcS7mjiB9pbN_fyA 7	0.6384 0.6000 | 0.7761 0.7000 | 0.8303 0.7333 | 0.8366 0.7000 | 0.8586 0.7200 | 0.8214 0.7000 | 0.8337 0.7143 | 0.8816 0.7750 | 0.8937 0.8000 | 0.9015 0.8000 | 
5BOQD3vcS7mjiB9pbN_fyA 8	0.8762 0.6000 | 0.7060 0.6000 | 0.8116 0.6667 | 0.8245 0.7000 | 0.7850 0.6800 | 0.8603 0.6667 | 0.8649 0.7143 | 0.8955 0.7500 | 0.9036 0.7778 | 0.8898 0.7800 | 
5BOQD3vcS7mjiB9pbN_fyA 9	0.7476 0.6000 | 0.8317 0.7000 | 0.8472 0.8000 | 0.8967 0.8000 | 0.8855 0.7600 | 0.8730 0.8000 | 0.8606 0.7143 | 0.8672 0.7000 | 0.8656 0.7111 | 0.8854 0.7400 | 
Cy5kcBX2oWFpNV9B1h8WDQ 0	0.1381 0.2000 | 0.1277 0.1000 | 0.1228 0.1333 | 0.1963 0.2500 | 0.1988 0.2000 | 0.2084 0.2333 | 0.3251 0.3143 | 0.3877 0.3000 | 0.3640 0.3111 | 0.4208 0.4000 | 
Cy5kcBX2oWFpNV9B1h8WDQ 1	0.0301 0.0000 | 0.0668 0.0000 | 0.1346 0.1333 | 0.1675 0.1500 | 0.1612 0.2400 | 0.1953 0.2333 | 0.2261 0.2571 | 0.3060 0.3000 | 0.3423 0.4222 | 0.3432 0.4000 | 
Cy5kcBX2oWFpNV9B1h8WDQ 2	0.0609 0.0000 | 0.0769 0.1000 | 0.1379 0.1333 | 0.1627 0.1500 | 0.1670 0.1600 | 0.1859 0.1333 | 0.2439 0.2286 | 0.2676 0.2000 | 0.2734 0.2889 | 0.2804 0.3200 | 
Cy5kcBX2oWFpNV9B1h8WDQ 3	0.0891 0.0000 | 0.0882 0.1000 | 0.0736 0.0667 | 0.1040 0.1000 | 0.1496 0.1200 | 0.1502 0.1000 | 0.2027 0.2286 | 0.2125 0.2500 | 0.2815 0.3778 | 0.2766 0.3200 | 
Cy5kcBX2oWFpNV9B1h8WDQ 4	0.0675 0.0000 | 0.1004 0.0000 | 0.1126 0.0667 | 0.1747 0.2000 | 0.1686 0.2000 | 0.2090 0.2333 | 0.2602 0.2571 | 0.2653 0.2750 | 0.3220 0.3111 | 0.3098 0.3800 | 
Cy5kcBX2oWFpNV9B1h8WDQ 5	0.1492 0.2000 | 0.0598 0.0000 | 0.0789 0.0667 | 0.0898 0.1000 | 0.1436 0.1200 | 0.1581 0.1667 | 0.1512 0.2000 | 0.2096 0.2250 | 0.2507 0.2889 | 0.2648 0.2800 | 
Cy5kcBX2oWFpNV9B1h8WDQ 6	0.0422 0.0000 | 0.0681 0.0000 | 0.1770 0.1333 | 0.1883 0.2500 | 0.2105 0.2000 | 0.2410 0.2667 | 0.2615 0.2857 | 0.2951 0.3000 | 0.3560 0.2667 | 0.3722 0.3400 | 
Cy5kcBX2oWFpNV9B1h8WDQ 7	0.0693 0.0000 | 0.1092 0.2000 | 0.1141 0.1333 | 0.1762 0.1000 | 0.1874 0.0800 | 0.2016 0.1667 | 0.2308 0.2000 | 0.2464 0.3500 | 0.2967 0.2667 | 0.3673 0.3600 | 
Cy5kcBX2oWFpNV9B1h8WDQ 8	0.1293 0.0000 | 0.1693 0.1000 | 0.1739 0.2000 | 0.1558 0.2000 | 0.1799 0.1600 | 0.2610 0.3333 | 0.3440 0.3429 | 0.2811 0.3250 | 0.2900 0.3111 | 0.3783 0.3400 | 
Cy5kcBX2oWFpNV9B1h8WDQ 9	0.3505 0.2000 | 0.1390 0.1000 | 0.1604 0.2667 | 0.1857 0.2000 | 0.2342 0.2000 | 0.2296 0.2000 | 0.2761 0.2000 | 0.2344 0.2250 | 0.2243 0.2889 | 0.3668 0.4000 | 
5QdmChzxl35VXiKBPGpNnA 0	0.0000 0.0000 | 0.2540 0.1000 | 0.3240 0.2667 | 0.3337 0.1500 | 0.3244 0.2000 | 0.3077 0.1667 | 0.3682 0.2286 | 0.3934 0.2500 | 0.4856 0.3556 | 0.5743 0.4600 | 
5QdmChzxl35VXiKBPGpNnA 1	0.0484 0.0000 | 0.0590 0.0000 | 0.0649 0.0667 | 0.2454 0.1500 | 0.3547 0.3600 | 0.4072 0.4000 | 0.4569 0.3714 | 0.5191 0.4250 | 0.4782 0.3556 | 0.4804 0.3400 | 
5QdmChzxl35VXiKBPGpNnA 2	0.0774 0.0000 | 0.0650 0.1000 | 0.0988 0.0667 | 0.3836 0.3000 | 0.4125 0.3200 | 0.4393 0.3333 | 0.4515 0.3429 | 0.5017 0.3250 | 0.5415 0.3333 | 0.5659 0.3400 | 
5QdmChzxl35VXiKBPGpNnA 3	0.1897 0.2000 | 0.1488 0.3000 | 0.2396 0.2000 | 0.3511 0.2000 | 0.3609 0.2400 | 0.4552 0.3667 | 0.5067 0.3714 | 0.5592 0.3750 | 0.5457 0.4222 | 0.5476 0.4000 | 
5QdmChzxl35VXiKBPGpNnA 4	0.3176 0.2000 | 0.2334 0.3000 | 0.3260 0.3333 | 0.3666 0.3000 | 0.5128 0.3200 | 0.4768 0.4000 | 0.4954 0.3429 | 0.5211 0.3500 | 0.5546 0.4000 | 0.5857 0.4200 | 
5QdmChzxl35VXiKBPGpNnA 5	0.1474 0.0000 | 0.1789 0.1000 | 0.2346 0.2667 | 0.2905 0.3000 | 0.3192 0.3200 | 0.2635 0.2333 | 0.3824 0.3143 | 0.5507 0.3750 | 0.5298 0.4444 | 0.5496 0.4200 | 
5QdmChzxl35VXiKBPGpNnA 6	0.0871 0.0000 | 0.2053 0.3000 | 0.2982 0.2000 | 0.2431 0.2000 | 0.2697 0.2800 | 0.3720 0.3000 | 0.4095 0.3714 | 0.5782 0.4000 | 0.5860 0.4444 | 0.5788 0.3800 | 
5QdmChzxl35VXiKBPGpNnA 7	0.4963 0.4000 | 0.2337 0.2000 | 0.2750 0.2000 | 0.3207 0.2500 | 0.4205 0.3200 | 0.4426 0.3000 | 0.4232 0.3143 | 0.4616 0.3250 | 0.4796 0.3556 | 0.5125 0.3000 | 
5QdmChzxl35VXiKBPGpNnA 8	0.1104 0.0000 | 0.2332 0.1000 | 0.2105 0.1333 | 0.2468 0.1500 | 0.3012 0.2800 | 0.2827 0.2333 | 0.3577 0.2857 | 0.3958 0.2500 | 0.3804 0.2667 | 0.4423 0.3200 | 
5QdmChzxl35VXiKBPGpNnA 9	0.1547 0.2000 | 0.2628 0.3000 | 0.5144 0.4667 | 0.4924 0.4500 | 0.5122 0.4400 | 0.6353 0.5333 | 0.6446 0.4571 | 0.6028 0.4250 | 0.5798 0.4222 | 0.5462 0.4000 | 
wlJtERlYdDqCxXsW7zo_fQ 0	0.1147 0.0000 | 0.0989 0.2000 | 0.1265 0.2000 | 0.1678 0.2500 | 0.1650 0.2000 | 0.1794 0.2667 | 0.2498 0.2571 | 0.2466 0.2500 | 0.2508 0.2444 | 0.2499 0.2400 | 
wlJtERlYdDqCxXsW7zo_fQ 1	0.0349 0.0000 | 0.1315 0.1000 | 0.1409 0.1333 | 0.2707 0.2000 | 0.3383 0.3200 | 0.3319 0.3333 | 0.3655 0.3429 | 0.2448 0.2750 | 0.2425 0.2889 | 0.2913 0.3000 | 
wlJtERlYdDqCxXsW7zo_fQ 2	0.1225 0.2000 | 0.1677 0.2000 | 0.1635 0.1333 | 0.1727 0.1000 | 0.2398 0.3200 | 0.2541 0.2667 | 0.2684 0.2857 | 0.3331 0.3250 | 0.4117 0.3778 | 0.4272 0.4000 | 
wlJtERlYdDqCxXsW7zo_fQ 3	0.0601 0.0000 | 0.1380 0.2000 | 0.1933 0.2667 | 0.2121 0.3000 | 0.2808 0.2800 | 0.3178 0.4000 | 0.3401 0.4000 | 0.3804 0.3750 | 0.3377 0.3556 | 0.3641 0.4000 | 
wlJtERlYdDqCxXsW7zo_fQ 4	0.0551 0.0000 | 0.1111 0.1000 | 0.1540 0.2667 | 0.2209 0.3500 | 0.1827 0.2000 | 0.2255 0.2333 | 0.2767 0.2857 | 0.2933 0.3250 | 0.3947 0.3778 | 0.4521 0.4400 | 
wlJtERlYdDqCxXsW7zo_fQ 5	0.0269 0.0000 | 0.0672 0.1000 | 0.0682 0.0667 | 0.1590 0.2500 | 0.2014 0.2000 | 0.2318 0.2333 | 0.2622 0.2571 | 0.3213 0.3250 | 0.3049 0.3111 | 0.3725 0.3000 | 
wlJtERlYdDqCxXsW7zo_fQ 6	0.1427 0.2000 | 0.2607 0.2000 | 0.2597 0.3333 | 0.3068 0.3000 | 0.3423 0.3200 | 0.3907 0.3667 | 0.4164 0.4000 | 0.4528 0.3750 | 0.4516 0.3556 | 0.4323 0.4200 | 
wlJtERlYdDqCxXsW7zo_fQ 7	0.0721 0.2000 | 0.1202 0.2000 | 0.2261 0.2000 | 0.2317 0.2500 | 0.2105 0.2400 | 0.2362 0.2667 | 0.2384 0.2857 | 0.2703 0.2750 | 0.3256 0.3111 | 0.3259 0.3400 | 
wlJtERlYdDqCxXsW7zo_fQ 8	0.0551 0.0000 | 0.1306 0.2000 | 0.2130 0.2000 | 0.2148 0.2000 | 0.2511 0.1600 | 0.4243 0.4000 | 0.3798 0.3143 | 0.3882 0.3750 | 0.4425 0.3556 | 0.4423 0.3600 | 
wlJtERlYdDqCxXsW7zo_fQ 9	0.0726 0.0000 | 0.1596 0.2000 | 0.2397 0.2667 | 0.2960 0.3000 | 0.3300 0.3200 | 0.3385 0.3000 | 0.2966 0.2571 | 0.3236 0.3750 | 0.3887 0.4444 | 0.4261 0.4000 | 
V59pbEBbhfjiG-eu5DjYQA 0	0.5311 0.6000 | 0.2259 0.3000 | 0.3125 0.2000 | 0.3389 0.2000 | 0.3133 0.2400 | 0.3301 0.2000 | 0.3618 0.2286 | 0.3638 0.2750 | 0.4503 0.2889 | 0.4321 0.3000 | 
V59pbEBbhfjiG-eu5DjYQA 1	0.0492 0.0000 | 0.0935 0.1000 | 0.2613 0.1333 | 0.2056 0.2000 | 0.2302 0.2000 | 0.2303 0.2333 | 0.3100 0.2571 | 0.3924 0.2750 | 0.3713 0.2667 | 0.4394 0.3200 | 
V59pbEBbhfjiG-eu5DjYQA 2	0.2235 0.2000 | 0.4032 0.2000 | 0.5309 0.3333 | 0.3879 0.3500 | 0.4630 0.3200 | 0.5232 0.3667 | 0.4956 0.3143 | 0.5031 0.3000 | 0.5042 0.2889 | 0.5067 0.2800 | 
V59pbEBbhfjiG-eu5DjYQA 3	0.5063 0.2000 | 0.3510 0.1000 | 0.5153 0.1333 | 0.2774 0.1000 | 0.3846 0.1600 | 0.4075 0.2000 | 0.3914 0.2286 | 0.3299 0.2250 | 0.4011 0.2667 | 0.3862 0.2800 | 
V59pbEBbhfjiG-eu5DjYQA 4	0.0335 0.0000 | 0.0747 0.1000 | 0.2199 0.1333 | 0.4915 0.3000 | 0.4438 0.2400 | 0.4341 0.2667 | 0.4559 0.2857 | 0.4372 0.2750 | 0.4440 0.3333 | 0.4791 0.2800 | 
V59pbEBbhfjiG-eu5DjYQA 5	0.3670 0.2000 | 0.4397 0.3000 | 0.4338 0.2667 | 0.3123 0.2000 | 0.3903 0.2400 | 0.5016 0.2333 | 0.3904 0.2571 | 0.2987 0.2000 | 0.2856 0.2000 | 0.3260 0.2400 | 
V59pbEBbhfjiG-eu5DjYQA 6	0.1196 0.0000 | 0.2749 0.2000 | 0.3842 0.3333 | 0.5786 0.3000 | 0.4352 0.2800 | 0.3780 0.3000 | 0.4505 0.3143 | 0.4294 0.4000 | 0.4826 0.4222 | 0.5109 0.4400 | 
V59pbEBbhfjiG-eu5DjYQA 7	0.0250 0.0000 | 0.2197 0.1000 | 0.2590 0.1333 | 0.1779 0.1500 | 0.1649 0.1200 | 0.2758 0.2333 | 0.3047 0.2571 | 0.3155 0.2750 | 0.4238 0.2889 | 0.3545 0.2400 | 
V59pbEBbhfjiG-eu5DjYQA 8	0.5065 0.2000 | 0.5002 0.3000 | 0.3193 0.2000 | 0.3216 0.2000 | 0.3693 0.2800 | 0.3946 0.3000 | 0.4470 0.3429 | 0.3446 0.3000 | 0.3219 0.2667 | 0.3591 0.3000 | 
V59pbEBbhfjiG-eu5DjYQA 9	0.3196 0.4000 | 0.5063 0.4000 | 0.3804 0.4000 | 0.3888 0.3000 | 0.2877 0.2800 | 0.3775 0.3667 | 0.4730 0.3714 | 0.5054 0.3500 | 0.4759 0.4222 | 0.4874 0.3200 | 
